9.521982045982991849e+01
9.170145158391515849e+01
9.229829326816665969e+01
9.973745424640856072e+01
9.680446414977458858e+01
9.842434258461473462e+01
9.447528419576535441e+01
8.826378097634567155e+01
9.420206901416263179e+01
9.360094515556940564e+01
1.015743441917185237e+02
9.649022320641259398e+01
1.021357954961198971e+02
1.038583531533447371e+02
1.019258504354523467e+02
8.972212834117839009e+01
9.728142016860742558e+01
9.625481475451779545e+01
1.013132220056156854e+02
1.019987156175712215e+02
9.277484296109858519e+01
9.210059510399790383e+01
9.663218006558214768e+01
1.029685039156806852e+02
9.782989830053610092e+01
9.886115813523345253e+01
9.551481564699355431e+01
9.122967077075031739e+01
9.192245976583576805e+01
9.449505264178613118e+01
9.197706344117349886e+01
9.453111405823091218e+01
9.784211894443892277e+01
9.902917737509689289e+01
8.700747728667083436e+01
9.386479189328703399e+01
8.904632782979797412e+01
1.006184345248455401e+02
1.010291935990359065e+02
1.060885335966939209e+02
9.666230846819104272e+01
1.056260978599429166e+02
1.072695102706208559e+02
1.069221309612982935e+02
1.217128440888886018e+02
1.171688175333902677e+02
1.185657109052510378e+02
1.233068607575095967e+02
1.280071391795352156e+02
1.246357794481403829e+02
1.328865461067705667e+02
1.289333074371273824e+02
1.334406454991270152e+02
1.313956411417787251e+02
1.366482332050508433e+02
1.451616690580314071e+02
1.446002340658594676e+02
1.417026580803777449e+02
1.426447950795923418e+02
1.481164625131419825e+02
0.000000000000000000e+00
1.316465189646179397e+02
1.184993647135622723e+02
1.213116467405142203e+02
1.191785827792344037e+02
1.222425264093992610e+02
1.292762541601771886e+02
1.519701577449051513e+02
7.455666220441962366e+01
9.613873628383619518e+01
9.239216133891778782e+01
1.204183869905942430e+02
1.011270510862522798e+02
1.122072912638577122e+02
9.917346078231238948e+01
8.806740272630278810e+01
9.751802346095277585e+01
1.000710089773991172e+02
1.012315333304950400e+02
8.829597027087136496e+01
1.015345099170135228e+02
9.402418574875930801e+01
8.596676242421686709e+01
8.756955728469908706e+01
5.239475079849565020e+01
7.968388242211653960e+01
8.122960950350781673e+01
6.326449283682003966e+01
8.261362694058978207e+01
6.522366749593379609e+01
7.599888456137098558e+01
7.036066702514693816e+01
6.475594769776871829e+01
6.553236952250050251e+01
9.324815351440403788e+01
3.734652722626685772e+01
6.413574068422863661e+01
6.421487476970936825e+01
9.317807773308716435e+01
7.459293604000347955e+01
2.761284435711813146e+01
