Wavenumber (cm^-1)	Intensity profile for Laser = Laser wrapper [Q0259] - LaserTune LT-OEM [Q0259]: PiF (V)
770	5.0480649502626e-5
770.995412844037	6.34599252501842e-5
771.990825688073	6.04545152278958e-5
772.98623853211	7.90440904459182e-5
773.981651376147	9.42969980239651e-5
774.977064220183	9.93441595443613e-5
775.97247706422	1.09022904846601e-4
776.967889908257	1.20213389458649e-4
777.963302752293	1.36920819121631e-4
778.95871559633	1.59199399627532e-4
779.954128440367	1.60632841682251e-4
780.949541284403	1.7403070660125e-4
781.94495412844	1.78195518285443e-4
782.940366972476	2.13989409592978e-4
783.935779816513	2.39475166124669e-4
784.93119266055	2.49861598155603e-4
785.926605504586	2.50852359575777e-4
786.922018348623	2.50274164461268e-4
787.91743119266	2.4688027959642e-4
788.912844036696	2.58263495913303e-4
789.908256880733	2.69456991958239e-4
790.90366972477	2.45052339833364e-4
791.899082568806	2.64283350256544e-4
792.894495412843	2.3618969284379e-4
793.88990825688	2.48903962497199e-4
794.885321100916	2.06072352530257e-4
795.880733944953	2.01205876983145e-4
796.87614678899	1.79348897081572e-4
797.871559633026	1.86507073056502e-4
798.866972477063	1.35020604969262e-4
799.8623853211	1.31458079862682e-4
800.857798165136	1.22667707262421e-4
801.853211009173	1.27025250651451e-4
802.848623853209	1.35707211667741e-4
803.844036697246	1.37896523377364e-4
804.839449541283	1.44491561402225e-4
805.83486238532	1.32153720859824e-4
806.830275229356	1.29419339797462e-4
807.825688073393	1.43558017206925e-4
808.821100917429	1.4837329839494e-4
809.816513761466	1.53188579582955e-4
810.811926605503	1.52227932491663e-4
811.807339449539	1.40164132342076e-4
812.802752293576	1.76298315565963e-4
813.798165137613	1.70745233320372e-4
814.793577981649	1.7270868756339e-4
815.788990825686	1.89395037196155e-4
816.784403669723	1.8921736265576e-4
817.779816513759	2.01714809141227e-4
818.775229357796	2.21632426262886e-4
819.770642201832	2.13420248777134e-4
820.766055045869	2.43227411503197e-4
821.761467889906	2.39866652400117e-4
822.756880733943	2.29492266100735e-4
823.752293577979	2.60404624696717e-4
824.747706422016	2.80743842422705e-4
825.743119266052	2.67987412708864e-4
826.738532110089	2.65307237438486e-4
827.733944954126	3.01938307088904e-4
828.729357798162	3.02266553273703e-4
829.724770642199	2.86607102255767e-4
830.720183486236	3.10770839749597e-4
831.715596330272	3.20353219199418e-4
832.711009174309	3.22307639143772e-4
833.706422018346	3.33847449970835e-4
834.701834862382	3.35404360773965e-4
835.697247706419	3.40439476562809e-4
836.692660550456	3.62859594414449e-4
837.688073394492	3.57442026648821e-4
838.683486238529	3.55845967218147e-4
839.678899082566	3.76257459333448e-4
840.674311926602	3.97349535281453e-4
841.669724770639	3.80949271773053e-4
842.665137614675	3.96912877512683e-4
843.660550458712	3.89281906574328e-4
844.655963302749	4.04191510803135e-4
845.651376146786	4.12954780507403e-4
846.646788990822	4.37844273327256e-4
847.642201834859	4.4947743857385e-4
848.637614678895	4.6816337964429e-4
849.633027522932	4.55385869900233e-4
850.628440366969	4.78591971735658e-4
851.623853211005	4.67362338496065e-4
852.619266055042	4.80654803263982e-4
853.614678899079	4.86328342825096e-4
854.610091743115	4.8700591522491e-4
855.605504587152	5.1994496815456e-4
856.600917431189	5.2181205654516e-4
857.596330275225	5.68091757168936e-4
858.591743119262	5.73930925538893e-4
859.587155963299	5.72148157269159e-4
860.582568807335	5.90933475624906e-4
861.577981651372	5.88596603703768e-4
862.573394495409	5.96619060917572e-4
863.568807339445	6.04638506698488e-4
864.564220183482	5.88825472603261e-4
865.559633027518	6.23152796094308e-4
866.555045871555	5.91201493151944e-4
867.550458715592	5.79667705190656e-4
868.545871559628	5.91900145581974e-4
869.541284403665	5.72087928611398e-4
870.536697247702	5.67122075778979e-4
871.532110091738	5.89403667717769e-4
872.527522935775	5.8991561130874e-4
873.522935779812	6.09041221580838e-4
874.518348623848	6.09827205564623e-4
875.513761467885	6.08896672802211e-4
876.509174311922	6.21171273253962e-4
877.504587155958	6.20487677988371e-4
878.499999999995	6.50150291935807e-4
879.495412844032	6.66908915957886e-4
880.490825688068	6.76924941743589e-4
881.486238532105	6.87356545267844e-4
882.481651376142	6.98486801222131e-4
883.477064220178	7.05858788932113e-4
884.472477064215	7.01501245543084e-4
885.467889908252	7.21042433553734e-4
886.463302752288	7.18859144709888e-4
887.458715596325	7.12628490064482e-4
888.454128440361	7.20774416026697e-4
889.449541284398	7.39243533929197e-4
890.444954128435	7.3771372602206e-4
891.440366972471	7.40728170343012e-4
892.435779816508	7.41496085729469e-4
893.431192660545	7.47109396632821e-4
894.426605504581	7.5014492098399e-4
895.422018348618	7.55562488749618e-4
896.417431192655	7.3844550421386e-4
897.412844036691	7.440618265501e-4
898.408256880728	7.54457292879699e-4
899.403669724765	7.49970257876482e-4
900.399082568801	7.46787173313798e-4
901.394495412838	7.38463572811188e-4
902.389908256875	7.25996240654601e-4
903.385321100911	7.44883947728542e-4
904.380733944948	7.48973473590533e-4
905.376146788985	7.45537428665252e-4
906.371559633021	7.42074280843977e-4
907.366972477058	7.49404108493526e-4
908.362385321094	7.35575608671534e-4
909.357798165131	7.29868943348652e-4
910.353211009168	7.54954179306229e-4
911.348623853204	7.39779568983272e-4
912.344036697241	7.57700606100144e-4
913.339449541278	7.45615725920341e-4
914.334862385314	7.37358376941268e-4
915.330275229351	7.35524414312437e-4
916.325688073388	7.56779107636396e-4
917.321100917424	7.31778191799685e-4
918.316513761461	7.20262472435726e-4
919.311926605498	6.94758647306707e-4
920.307339449534	6.84778758715661e-4
921.302752293571	6.50981447412913e-4
922.298165137608	6.65565816889809e-4
923.293577981644	6.11802705539193e-4
924.288990825681	5.81941337021145e-4
925.284403669718	5.61662347952918e-4
926.279816513754	5.90030045758486e-4
927.275229357791	5.94610435181233e-4
928.270642201827	6.26600886751142e-4
929.266055045864	6.40477569499344e-4
930.261467889901	6.52198066299691e-4
931.256880733937	6.75726391454139e-4
932.252293577974	7.0609669213027e-4
933.247706422011	6.7222409500532e-4
934.243119266047	7.14155286538731e-4
935.238532110084	7.1242973549387e-4
936.233944954121	7.40110826600959e-4
937.229357798157	7.72977605141296e-4
938.224770642194	7.99929929489473e-4
939.220183486231	8.10680744899864e-4
940.215596330267	8.31721626488771e-4
941.211009174304	8.42782619486632e-4
942.20642201834	8.30980813998307e-4
943.201834862377	8.46324064562996e-4
944.197247706414	8.44146798584925e-4
945.192660550451	8.56234690197616e-4
946.188073394487	8.71704420943604e-4
947.183486238524	8.69846366851668e-4
948.17889908256	8.65802012482997e-4
949.174311926597	8.78585545092831e-4
950.169724770634	8.676179065145e-4
951.16513761467	8.64208964485211e-4
952.160550458707	8.77877858364136e-4
953.155963302744	8.97268474730384e-4
954.15137614678	8.5960448359936e-4
955.146788990817	8.62432219081253e-4
956.142201834854	8.69084474330988e-4
957.13761467889	8.5531018030098e-4
958.133027522927	8.6564240653993e-4
959.128440366964	8.71963404171977e-4
960.123853211	8.49067479924022e-4
961.119266055037	8.44514193397269e-4
962.114678899074	8.61212588761587e-4
963.11009174311	8.70644396567005e-4
964.105504587147	8.59986935576145e-4
965.100917431183	8.94398579188058e-4
966.09633027522	8.61959424117827e-4
967.091743119257	8.92444159243704e-4
968.087155963293	8.77998315679659e-4
969.08256880733	8.62028687074252e-4
970.077981651367	8.63573552145829e-4
971.073394495403	8.63296500320128e-4
972.06880733944	8.81973407091904e-4
973.064220183477	8.70921448392707e-4
974.059633027513	8.85042057204841e-4
975.05504587155	8.73186045924532e-4
976.050458715587	8.4818513008782e-4
977.045871559623	8.46751688033101e-4
978.04128440366	8.40033181259829e-4
979.036697247697	8.2615348707874e-4
980.032110091733	8.34127761366334e-4
981.02752293577	8.41249800146607e-4
982.022935779807	8.08096935481904e-4
983.018348623843	8.38123932808796e-4
984.01376146788	8.44095604225828e-4
985.009174311917	8.48898839682291e-4
986.004587155953	8.32679262147175e-4
986.99999999999	8.30514041900657e-4
989	7.71917580764697e-4
989.997229916898	7.95445905919145e-4
990.994459833795	7.95963872375892e-4
991.991689750692	7.93642057619194e-4
992.98891966759	8.15327385846147e-4
993.986149584488	8.25551200501127e-4
994.983379501385	8.22720453586346e-4
995.980609418282	8.25536143336686e-4
996.97783933518	8.38699116490416e-4
997.975069252077	8.5856252782009e-4
998.972299168975	8.36838050965593e-4
999.969529085872	8.66377196164617e-4
1000.96675900277	8.80976622805954e-4
1001.96398891967	8.86674253830173e-4
1002.96121883656	8.85114331594155e-4
1003.95844875346	8.83575489388354e-4
1004.95567867036	8.89733869644446e-4
1005.95290858726	9.08443902177991e-4
1006.95013850415	9.03113665966117e-4
1007.94736842105	9.08224067577162e-4
1008.94459833795	9.17014440177423e-4
1009.94182825485	9.17707069741678e-4
1010.93905817174	8.85156491654588e-4
1011.93628808864	9.09967687219352e-4
1012.93351800554	9.155569066596e-4
1013.93074792244	8.9644936498483e-4
1014.92797783933	8.8311474015648e-4
1015.92520775623	9.17342686362222e-4
1016.92243767313	9.28644593991128e-4
1017.91966759003	9.10341104897472e-4
1018.91689750692	8.9568747246415e-4
1019.91412742382	8.79413689137049e-4
1020.91135734072	8.90122344487006e-4
1021.90858725762	8.95768781152128e-4
1022.90581717451	8.86237596061403e-4
1023.90304709141	8.9400709291261e-4
1024.90027700831	9.37203086259007e-4
1025.89750692521	8.92037615803815e-4
1026.8947368421	9.26145104694035e-4
1027.891966759	9.2780139278247e-4
1028.8891966759	9.31318746395729e-4
1029.8864265928	9.32237233426589e-4
1030.8836565097	9.4393665019672e-4
1031.88088642659	9.44096256139787e-4
1032.87811634349	9.23748004115135e-4
1033.87534626039	9.4354817535416e-4
1034.87257617729	9.55879993030784e-4
1035.86980609418	9.67025306149511e-4
1036.86703601108	9.55346969409596e-4
1037.86426592798	9.64296947952924e-4
1038.86149584488	9.72722937173729e-4
1039.85872576177	9.55515609651328e-4
1040.85595567867	9.63203797814557e-4
1041.85318559557	9.58924551680617e-4
1042.85041551247	9.55124123375879e-4
1043.84764542936	9.59069100459244e-4
1044.84487534626	9.48836251505601e-4
1045.84210526316	9.25298892052488e-4
1046.83933518006	9.56214262081359e-4
1047.83656509695	9.27575535315865e-4
1048.83379501385	9.25407303636459e-4
1049.83102493075	9.40106107563102e-4
1050.82825484765	9.19510918041628e-4
1051.82548476454	9.05218657554874e-4
1052.82271468144	8.89529092208058e-4
1053.81994459834	9.00029958688739e-4
1054.81717451524	8.79844324040042e-4
1055.81440443214	9.01445332146129e-4
1056.81163434903	8.91685278155912e-4
1057.80886426593	8.87671038116122e-4
1058.80609418283	8.92826611220488e-4
1059.80332409973	8.74426756274414e-4
1060.80055401662	8.6340190047121e-4
1061.79778393352	8.56047981358556e-4
1062.79501385042	8.62923082642008e-4
1063.79224376732	8.48212232983812e-4
1064.78947368421	8.34296401608066e-4
1065.78670360111	8.25951721075239e-4
1066.78393351801	8.13351885871577e-4
1067.78116343491	8.27547780505913e-4
1068.7783933518	8.10584379047446e-4
1069.7756232687	7.97231685621768e-4
1070.7728531856	8.12999548223674e-4
1071.7700831025	8.07160379853716e-4
1072.76731301939	7.963403014869e-4
1073.76454293629	7.71514048757696e-4
1074.76177285319	7.52879302046353e-4
1075.75900277009	7.70008332313664e-4
1076.75623268698	7.49530588674825e-4
1077.75346260388	7.44091940878981e-4
1078.75069252078	7.31790237531237e-4
1079.74792243768	7.26276303913191e-4
1080.74515235457	7.23177539471372e-4
1081.74238227147	7.14465464126202e-4
1082.73961218837	6.95535596991828e-4
1083.73684210527	7.16094649318644e-4
1084.73407202217	7.38207601015702e-4
1085.73130193906	7.30968116352795e-4
1086.72853185596	7.30040595023271e-4
1087.72576177286	7.56158752461455e-4
1088.72299168976	7.27041207866759e-4
1089.72022160665	7.43799831888838e-4
1090.71745152355	7.53285845486242e-4
1091.71468144045	7.37948617787329e-4
1092.71191135735	7.5190359779062e-4
1093.70914127424	7.37469799958127e-4
1094.70637119114	7.23608174374365e-4
1095.70360110804	6.90524572666088e-4
1096.70083102494	6.75590876974176e-4
1097.69806094183	6.66773401477923e-4
1098.69529085873	6.66740275716155e-4
1099.69252077563	6.57949903115894e-4
1100.68975069253	6.47698985564922e-4
1101.68698060942	6.36878907198106e-4
1102.68421052632	6.1232067199594e-4
1103.68144044322	6.07758351170522e-4
1104.67867036012	5.82299697534825e-4
1105.67590027701	5.67362990410025e-4
1106.67313019391	5.72581803605041e-4
1107.67036011081	5.58900863994563e-4
1108.66759002771	5.39416893208786e-4
1109.6648199446	5.39859573843331e-4
1110.6620498615	5.10802257906396e-4
1111.6592797784	5.05523216053619e-4
1112.6565096953	4.91089418221126e-4
1113.6537396122	4.83973402306629e-4
1114.65096952909	4.74116982463994e-4
1115.64819944599	4.59132092412985e-4
1116.64542936289	4.4983579908753e-4
1117.64265927979	4.335439471631e-4
1118.63988919668	4.05703250112944e-4
1119.63711911358	4.18104330745994e-4
1120.63434903048	4.1614991080164e-4
1121.63157894738	3.94919308940785e-4
1122.62880886427	4.02851423167946e-4
1123.62603878117	3.75420280990567e-4
1124.62326869807	3.70023793255155e-4
1125.62049861497	3.7185173301821e-4
1126.61772853186	3.70475508188365e-4
1127.61495844876	3.42207187668103e-4
1128.61218836566	3.49016037428017e-4
1129.60941828256	3.43676766917478e-4
1130.60664819945	3.39635423981696e-4
1131.60387811635	3.22873788526728e-4
1132.60110803325	3.17167123203846e-4
1133.59833795015	2.86676365212193e-4
1134.59556786704	2.90455713486713e-4
1135.59279778394	2.92229447457783e-4
1136.59002770084	3.0166426669609e-4
1137.58725761774	2.93452089210338e-4
1138.58448753464	2.89281254660368e-4
1139.58171745153	2.83149977300269e-4
1140.57894736843	2.88471179213479e-4
1141.57617728533	2.50587353481627e-4
1142.57340720223	2.46558056277397e-4
1143.57063711912	2.58745325175394e-4
1144.56786703602	2.49054534141602e-4
1145.56509695292	2.38454290375615e-4
1146.56232686982	2.39261354389616e-4
1147.55955678671	2.35638600625275e-4
1148.55678670361	2.31564131927723e-4
1149.55401662051	2.25700872094662e-4
1150.55124653741	2.25691837795997e-4
1151.5484764543	2.3466590780243e-4
1152.5457063712	2.37312957311038e-4
1153.5429362881	2.10095626868711e-4
1154.540166205	2.14124924072941e-4
1155.53739612189	2.18377067310889e-4
1156.53462603879	2.28393093096591e-4
1157.53185595569	2.19226291385323e-4
1158.52908587259	2.15594503322317e-4
1159.52631578948	2.04952099495897e-4
1160.52354570638	2.24219247113734e-4
1161.52077562328	2.33355934496122e-4
1162.51800554018	2.31850218052089e-4
1163.51523545708	2.46576124874725e-4
1164.51246537397	2.31844195186313e-4
1165.50969529087	2.24068675469331e-4
1166.50692520777	2.51403451794292e-4
1167.50415512467	2.49370734594849e-4
1168.50138504156	2.44802390903655e-4
1169.49861495846	2.55896509663285e-4
1170.49584487536	2.4960261492723e-4
1171.49307479226	2.43131045650779e-4
1172.49030470915	2.54529319132103e-4
1173.48753462605	2.63687086544708e-4
1174.48476454295	2.4635026740812e-4
1175.48199445985	2.57703369396123e-4
1176.47922437674	2.65069334240329e-4
1177.47645429364	2.68610779316693e-4
1178.47368421054	2.75642475110324e-4
1179.47091412744	2.92428202028396e-4
1180.46814404433	2.86134307292341e-4
1181.46537396123	2.86176467352774e-4
1182.46260387813	2.78256398857164e-4
1183.45983379503	2.80852254006676e-4
1184.45706371192	2.95993738567864e-4
1185.45429362882	2.7975609243542e-4
1186.45152354572	2.8087634546978e-4
1187.44875346262	2.85601283671153e-4
1188.44598337952	3.07274566166554e-4
1189.44321329641	2.86200558815878e-4
1190.44044321331	3.0662710809562e-4
1191.43767313021	3.02510479337636e-4
1192.43490304711	3.11246646145911e-4
1193.432132964	2.98436010640084e-4
1194.4293628809	2.95840155490573e-4
1195.4265927978	2.88182081656225e-4
1196.4238227147	2.95918452745663e-4
1197.42105263159	2.85787992510213e-4
1198.41828254849	2.87817698276769e-4
1199.41551246539	2.68267475967454e-4
1200.41274238229	2.71944435523781e-4
1201.40997229918	2.77389106185401e-4
1202.40720221608	2.70631450784585e-4
1203.40443213298	2.62886045396483e-4
1204.40166204988	2.69809329606143e-4
1205.39889196677	2.52276767331831e-4
1206.39612188367	2.68369864685648e-4
1207.39335180057	2.53065762748504e-4
1208.39058171747	2.27411365975082e-4
1209.38781163436	2.38478381838719e-4
1210.38504155126	2.4291121104995e-4
1211.38227146816	2.43058771261466e-4
1212.37950138506	2.3085343376614e-4
1213.37673130195	1.97101293956713e-4
1214.37396121885	2.23035753988724e-4
1215.37119113575	2.08632070485112e-4
1216.36842105265	2.08192401283454e-4
1217.36565096955	2.11197811305743e-4
1218.36288088644	2.18362010146448e-4
1219.36011080334	2.13814746485471e-4
1220.35734072024	2.03069953940857e-4
1221.35457063714	2.03605988994932e-4
1222.35180055403	1.87639371822414e-4
1223.34903047093	2.17910295213239e-4
1224.34626038783	2.08574853260238e-4
1225.34349030473	2.09415043036009e-4
1226.34072022162	1.96998905238518e-4
1227.33795013852	2.13935203800993e-4
1228.33518005542	2.18633039106374e-4
1229.33240997232	1.8576324913315e-4
1230.32963988921	2.06764982094512e-4
1231.32686980611	2.00100681113225e-4
1232.32409972301	2.12691482018223e-4
1233.32132963991	1.96941688013645e-4
1234.3185595568	1.85501254471888e-4
1235.3157894737	1.99016565273522e-4
1236.3130193906	2.12965522411037e-4
1237.3102493075	2.10110684033151e-4
1238.30747922439	2.08773607830851e-4
1239.30470914129	2.16058263987079e-4
1240.30193905819	2.27128291283604e-4
1241.29916897509	2.17247779977864e-4
1242.29639889199	2.37677340690494e-4
1243.29362880888	2.46175604300612e-4
1244.29085872578	2.56013955545919e-4
1245.28808864268	2.64656767934665e-4
1246.28531855958	2.65686677982383e-4
1247.28254847647	3.20545950904254e-4
1248.27977839337	3.21991438690525e-4
1249.27700831027	3.44748837025629e-4
1250.27423822717	3.7819983354625e-4
1251.27146814406	4.28433545552055e-4
1252.26869806096	4.45083757990164e-4
1253.26592797786	4.6506762663536e-4
1254.26315789476	5.09880759442648e-4
1255.26038781165	5.35372538840115e-4
1256.25761772855	5.58798475276369e-4
1257.25484764545	5.59578436394378e-4
1258.25207756235	5.84332414734268e-4
1259.24930747924	6.21071895968656e-4
1260.24653739614	6.56109917621287e-4
1261.24376731304	6.82676778559792e-4
1262.24099722994	6.88184689312062e-4
1263.23822714683	7.35762317510594e-4
1264.23545706373	7.395958715771e-4
1265.23268698063	7.60537375880701e-4
1266.22991689753	7.8616466975813e-4
1267.22714681443	7.92594078974148e-4
1268.22437673132	8.05483011735064e-4
1269.22160664822	8.33094839885728e-4
1270.21883656512	8.36666399290973e-4
1271.21606648202	8.32182375720645e-4
1272.21329639891	8.20522107578059e-4
1273.21052631581	8.40924565394696e-4
1274.20775623271	8.33582692013595e-4
1275.20498614961	8.30580293424194e-4
1276.2022160665	8.5510841429748e-4
1277.1994459834	8.37395166049884e-4
1278.1966759003	8.55069265669935e-4
1279.1939058172	8.39587489192395e-4
1280.19113573409	8.16465707477836e-4
1281.18836565099	8.21280988665851e-4
1282.18559556789	7.72456627251661e-4
1283.18282548479	7.22006092077915e-4
1284.18005540168	7.00489404092694e-4
1285.17728531858	6.74136354889241e-4
1286.17451523548	6.8446858112819e-4
1287.17174515238	6.6869168422762e-4
1288.16897506927	6.61602771209116e-4
1289.16620498617	6.8434511237978e-4
1290.16343490307	7.28561981475232e-4
1291.16066481997	7.33582040099635e-4
1292.15789473686	7.53665286030138e-4
1293.15512465376	7.88137158299813e-4
1294.15235457066	7.87251797030722e-4
1295.14958448756	8.18645984888794e-4
1296.14681440446	8.22512664717069e-4
1297.14404432135	8.23286602969302e-4
1298.14127423825	8.35744900827225e-4
1299.13850415515	8.20260112916797e-4
1300.13573407205	8.13972241046518e-4
1301.13296398894	8.29438960359618e-4
1302.13019390584	8.04757256409041e-4
1303.12742382274	7.987374020658e-4
1304.12465373964	7.89688046237166e-4
1305.12188365653	7.79656963287023e-4
1306.11911357343	7.78630064672193e-4
1307.11634349033	7.61121593860986e-4
1308.11357340723	7.63449431483459e-4
1309.11080332412	7.5825169831866e-4
1310.10803324102	7.44507518617533e-4
1311.10526315792	7.50009406504027e-4
1312.10249307482	7.43721534633749e-4
1313.09972299171	7.11198059442651e-4
1314.09695290861	7.23294985354007e-4
1315.09418282551	6.80463375387065e-4
1316.09141274241	6.85790600166051e-4
1317.0886426593	6.49692554136821e-4
1318.0858725762	6.35725528401978e-4
1319.0831024931	6.62879618753656e-4
1320.08033241	6.4160384539948e-4
1321.07756232689	6.38691789796721e-4
1322.07479224379	6.26206389042806e-4
1323.07202216069	6.1661497529432e-4
1324.06925207759	6.08806329815569e-4
1325.06648199449	5.88301483280737e-4
1326.06371191138	5.75066235737694e-4
1327.06094182828	5.59629630753475e-4
1328.05817174518	5.36408471753609e-4
1329.05540166208	5.32680317838185e-4
1330.05263157897	5.09760302127126e-4
1331.04986149587	5.00012293868461e-4
1332.04709141277	4.74866829253122e-4
1333.04432132967	4.62986726509707e-4
1334.04155124656	4.39220498157102e-4
1335.03878116346	4.37025163581703e-4
1336.03601108036	4.29647153005945e-4
1337.03324099726	3.97689827197804e-4
1338.03047091415	3.73258072176936e-4
1339.02770083105	3.75748527175366e-4
1340.02493074795	3.9534693241089e-4
1341.02216066485	3.82364645230443e-4
1342.01939058174	3.63570292576033e-4
1343.01662049864	3.70701365654969e-4
1344.01385041554	3.59110360468809e-4
1345.01108033244	3.39548092427942e-4
1346.00831024933	3.20311059138985e-4
1347.00554016623	2.86052998604363e-4
1348.00277008313	2.74199998756941e-4
1349.00000000003	2.85890381228408e-4
1351	7.51382619900985e-5
1351.99676375405	1.02497129778165e-4
1352.99352750809	1.04478652618511e-4
1353.99029126214	1.12886573241988e-4
1354.98705501618	1.00094006333489e-4
1355.98381877023	1.15955223354925e-4
1356.98058252427	1.22462929826033e-4
1357.97734627832	1.25718288778031e-4
1358.97411003236	1.35270553898971e-4
1359.97087378641	1.25281631009261e-4
1360.96763754045	1.16277446673948e-4
1361.9644012945	1.14633204317065e-4
1362.96116504854	1.31723085956831e-4
1363.95792880259	1.37432762712602e-4
1364.95469255663	1.54570827278577e-4
1365.95145631068	1.73500694412951e-4
1366.94822006473	1.58449552838404e-4
1367.94498381877	1.67351348455523e-4
1368.94174757282	1.84712259055215e-4
1369.93851132686	1.62957667871837e-4
1370.93527508091	1.66634627428164e-4
1371.93203883495	1.49294796858688e-4
1372.928802589	1.68778767644466e-4
1373.92556634304	1.72512944425666e-4
1374.92233009709	1.94505438807201e-4
1375.91909385113	1.92255898439817e-4
1376.91585760518	1.88253704131579e-4
1377.91262135922	1.83980480863415e-4
1378.90938511327	1.86817250643972e-4
1379.90614886731	1.84384012870416e-4
1380.90291262136	2.11848280809565e-4
1381.89967637541	1.95965983757912e-4
1382.89644012945	2.11218891335959e-4
1383.8932038835	2.21921523820141e-4
1384.88996763754	1.99540554596045e-4
1385.88673139159	1.92551018862847e-4
1386.88349514563	2.03078988239521e-4
1387.88025889968	2.22773759327463e-4
1388.87702265372	2.17771769300388e-4
1389.87378640777	2.2168964348776e-4
1390.87055016181	2.42224604351472e-4
1391.86731391586	2.37656260660278e-4
1392.8640776699	2.09291574287598e-4
1393.86084142395	2.1843729596865e-4
1394.85760517799	2.18229507099373e-4
1395.85436893204	2.22081129763208e-4
1396.85113268609	2.19864715157592e-4
1397.84789644013	2.1303779680035e-4
1398.84466019418	2.44989099742715e-4
1399.84142394822	2.33054791207315e-4
1400.83818770227	2.51252880149889e-4
1401.83495145631	2.47181422885226e-4
1402.83171521036	2.46154524270396e-4
1403.8284789644	2.3040171883293e-4
1404.82524271845	2.50840313844224e-4
1405.82200647249	2.60841282465487e-4
1406.81877022654	2.62925194024027e-4
1407.81553398058	2.56513853405338e-4
1408.81229773463	2.65554174935308e-4
1409.80906148867	2.65783043834801e-4
1410.80582524272	2.76816933936669e-4
1411.80258899677	2.58667027920304e-4
1412.79935275081	2.67083982842444e-4
1413.79611650486	2.78250375991388e-4
1414.7928802589	2.63783452397126e-4
1415.78964401295	2.51593172066241e-4
1416.78640776699	2.34141918479906e-4
1417.78317152104	2.16485887457184e-4
1418.77993527508	2.64599550709791e-4
1419.77669902913	3.14224953272207e-4
1420.77346278317	3.17389969237563e-4
1421.77022653722	2.77892015477708e-4
1422.76699029126	3.10551005148768e-4
1423.76375404531	3.38051410282574e-4
1424.76051779935	3.59417526623392e-4
1425.7572815534	3.52945957346941e-4
1426.75404530745	3.55355103657393e-4
1427.75080906149	3.47257360621387e-4
1428.74757281554	3.60173396278296e-4
1429.74433656958	4.05784558800921e-4
1430.74110032363	4.17252095238671e-4
1431.73786407767	4.18053136386896e-4
1432.73462783172	4.50359788410053e-4
1433.73139158576	4.00363979602405e-4
1434.72815533981	3.14974800061335e-4
1435.72491909385	3.87968921835132e-4
1436.7216828479	4.81130609660296e-4
1437.71844660194	4.9968705911655e-4
1438.71521035599	5.31352275934549e-4
1439.71197411003	5.49529284846907e-4
1440.70873786408	5.58653926497742e-4
1441.70550161813	5.62379068980278e-4
1442.70226537217	5.71229670238299e-4
1443.69902912622	5.80309140395814e-4
1444.69579288026	5.75939551275232e-4
1445.69255663431	5.45334358833832e-4
1446.68932038835	5.44304448786114e-4
1447.6860841424	6.43323373578565e-4
1448.68284789644	6.4653657247013e-4
1449.67961165049	6.5812757765629e-4
1450.67637540453	6.59964551718009e-4
1451.67313915858	6.8779922590239e-4
1452.66990291262	6.60612009788943e-4
1453.66666666667	6.00856146991078e-4
1454.66343042071	4.5851776010382e-4
1455.66019417476	4.8905971245457e-4
1456.65695792881	5.92110945884139e-4
1457.65372168285	7.0135067389868e-4
1458.6504854369	7.98881950844427e-4
1459.64724919094	8.4006329558871e-4
1460.64401294499	8.20841319464194e-4
1461.64077669903	8.25804160863724e-4
1462.63754045308	7.12324335342788e-4
1463.63430420712	7.68806770591326e-4
1464.63106796117	8.95865147004546e-4
1465.62783171521	9.19218809051486e-4
1466.62459546926	9.314271579797e-4
1467.6213592233	9.35634129724326e-4
1468.61812297735	9.48014130327159e-4
1469.61488673139	8.09382817325108e-4
1470.61165048544	7.0973751449194e-4
1471.60841423949	7.56706833247083e-4
1472.60517799353	9.21332834938907e-4
1473.60194174758	9.33300269236076e-4
1474.59870550162	8.8569854957444e-4
1475.59546925567	0.0010280369364617
1476.59223300971	0.00108762114758494
1477.58899676376	0.00105045404288045
1478.5857605178	0.00103702907506546
1479.58252427185	0.00104206720228719
1480.57928802589	0.00110562048195691
1481.57605177994	0.00116465962372741
1482.57281553398	0.00114368198222915
1483.56957928803	0.00114546776193178
1484.56634304207	0.00108495000661323
1485.56310679612	9.86912808942289e-4
1486.55987055017	0.00104876764046313
1487.55663430421	9.50188384872342e-4
1488.55339805826	8.82190230259844e-4
1489.5501618123	9.86473139740632e-4
1490.54692556635	0.00113581913095842
1491.54368932039	0.00116593044840617
1492.54045307444	0.00114094157830101
1493.53721682848	0.0010393659469866
1494.53398058253	9.03724986842394e-4
1495.53074433657	0.00102056557146641
1496.52750809062	0.00100479168599873
1497.52427184466	9.45915161604178e-4
1498.52103559871	0.00109188834798733
1499.51779935275	0.00111566662207149
1500.5145631068	0.00108340514154165
1501.51132686085	0.00110779473650209
1502.50809061489	0.00105598604509583
1503.50485436894	8.52024707020102e-4
1504.50161812298	7.12610421467154e-4
1505.49838187703	5.71816899651472e-4
1506.49514563107	6.91506299787597e-4
1507.49190938512	7.96036146765206e-4
1508.48867313916	8.86074978685448e-4
1509.48543689321	9.37582526802904e-4
1510.48220064725	9.3416455047495e-4
1511.4789644013	9.08522199433081e-4
1512.47572815534	9.65712321410314e-4
1513.47249190939	8.85981624265918e-4
1514.46925566343	8.57336874634648e-4
1515.46601941748	6.89085107745593e-4
1516.46278317153	6.80210415024467e-4
1517.45954692557	8.2834581022125e-4
1518.45631067962	7.60543398746477e-4
1519.45307443366	6.03991048627554e-4
1520.44983818771	5.56904283989776e-4
1521.44660194175	6.31355939281396e-4
1522.4433656958	6.88768907292347e-4
1523.44012944984	6.6290371021676e-4
1524.43689320389	6.04132585973293e-4
1525.43365695793	6.81869714545791e-4
1526.43042071198	6.30548875267395e-4
1527.42718446602	6.24468792266393e-4
1528.42394822007	6.69080159070181e-4
1529.42071197411	6.25516770911439e-4
1530.41747572816	5.67721350923704e-4
1531.41423948221	4.77522913060395e-4
1532.41100323625	4.47258012535346e-4
1533.4077669903	5.19984116782105e-4
1534.40453074434	5.09974113862179e-4
1535.40129449839	4.78089062443351e-4
1536.39805825243	3.92245156536183e-4
1537.39482200648	2.87028702860096e-4
1538.39158576052	2.73754306689507e-4
1539.38834951457	3.27996235869326e-4
1540.38511326861	3.32787425594237e-4
1541.38187702266	3.53021243169142e-4
1542.3786407767	4.10217388012152e-4
1543.37540453075	4.11921859026797e-4
1544.37216828479	4.3791654771657e-4
1545.36893203884	5.3251770046223e-4
1546.36569579289	5.13882953750886e-4
1547.36245954693	5.04689049143625e-4
1548.35922330098	4.47279092565563e-4
1549.35598705502	4.68121219583857e-4
1550.35275080907	4.85686907619938e-4
1551.34951456311	4.79917002206406e-4
1552.34627831716	4.19844938955295e-4
1553.3430420712	4.07958813346104e-4
1554.33980582525	4.24621071515765e-4
1555.33656957929	3.67671864169576e-4
1556.33333333334	2.39047542654564e-4
1557.33009708738	2.58052695611139e-4
1558.32686084143	2.41462711830791e-4
1559.32362459547	3.62031450370232e-4
1560.32038834952	4.50103816614567e-4
1561.31715210357	4.79067778131972e-4
1562.31391585761	4.55355755571352e-4
1563.31067961166	4.37829216162816e-4
1564.3074433657	4.70626731746727e-4
1565.30420711975	4.82238816963104e-4
1566.30097087379	4.78709417618292e-4
1567.29773462784	4.05883936086228e-4
1568.29449838188	3.72896700230368e-4
1569.29126213593	4.90207068384923e-4
1570.28802588997	4.93911130837242e-4
1571.28478964402	5.2711820129393e-4
1572.28155339806	4.97280924238987e-4
1573.27831715211	4.48983563580207e-4
1574.27508090615	3.46974285929909e-4
1575.2718446602	4.30625868694566e-4
1576.26860841425	5.00735037761596e-4
1577.26537216829	5.44433940400301e-4
1578.26213592234	5.43903928212002e-4
1579.25889967638	5.49237175856764e-4
1580.25566343043	5.45792096632818e-4
1581.25242718447	5.35215944329936e-4
1582.24919093852	5.56705529419164e-4
1583.24595469256	5.61791839567105e-4
1584.24271844661	5.49505193383802e-4
1585.23948220065	5.73418981947922e-4
1586.2362459547	5.64098597159363e-4
1587.23300970874	5.55976762660253e-4
1588.22977346279	5.66613143620897e-4
1589.22653721683	5.34438994644815e-4
1590.22330097088	5.56220688724186e-4
1591.22006472493	5.55585276384804e-4
1592.21682847897	5.57605947852695e-4
1593.21359223302	5.33797559439657e-4
1594.21035598706	5.58608755004421e-4
1595.20711974111	5.62963286960562e-4
1596.20388349515	5.59632642186363e-4
1597.2006472492	5.65453741958992e-4
1598.19741100324	5.66233703077e-4
1599.19417475729	5.48508409097853e-4
1600.19093851133	5.68989164169579e-4
1601.18770226538	5.3217439711299e-4
1602.18446601942	5.40479929018272e-4
1603.18122977347	5.39389790312793e-4
1604.17799352751	5.46207674371371e-4
1605.17475728156	5.25115598423367e-4
1606.17152103561	5.17279850048623e-4
1607.16828478965	4.9083344642564e-4
1608.1650485437	5.05462987395858e-4
1609.16181229774	4.91158681177551e-4
1610.15857605179	4.90080588203624e-4
1611.15533980583	5.03361007239989e-4
1612.15210355988	4.80742134817736e-4
1613.14886731392	4.5938806420847e-4
1614.14563106797	4.25274552452475e-4
1615.14239482201	2.89064431492428e-4
1616.13915857606	3.9375990727888e-4
1617.1359223301	4.49366015556991e-4
1618.13268608415	4.37139598031449e-4
1619.12944983819	4.29918181965871e-4
1620.12621359224	4.1944742981407e-4
1621.12297734629	3.81897873132793e-4
1622.11974110033	3.62287422165717e-4
1623.11650485438	3.97734998691125e-4
1624.11326860842	4.27584321477621e-4
1625.11003236247	3.94205599346313e-4
1626.10679611651	3.13842501295423e-4
1627.10355987056	3.20106281702597e-4
1628.1003236246	3.78151650620041e-4
1629.09708737865	4.00523585545473e-4
1630.09385113269	3.60814831483454e-4
1631.09061488674	3.63455858126286e-4
1632.08737864078	3.44586219649674e-4
1633.08414239483	3.00462704973752e-4
1634.08090614887	2.26718736410827e-4
1635.07766990292	2.00576487509539e-4
1636.07443365696	3.08003332925466e-4
1637.07119741101	3.36066876009339e-4
1638.06796116506	3.28996031588164e-4
1639.0647249191	3.1642932214627e-4
1640.06148867315	3.24156658937044e-4
1641.05825242719	3.10240827561298e-4
1642.05501618124	3.09668655312565e-4
1643.05177993528	2.95361337661371e-4
1644.04854368933	2.48705207926587e-4
1645.04530744337	2.34693010698422e-4
1646.04207119742	2.47458474710928e-4
1647.03883495146	2.8068963663072e-4
1648.03559870551	2.90485827815594e-4
1649.03236245955	2.94241084627011e-4
1650.0291262136	1.79357931380236e-4
1651.02588996765	1.74175255379877e-4
1652.02265372169	2.06825210752273e-4
1653.01941747574	2.74705919482136e-4
1654.01618122978	3.23214080443079e-4
1655.01294498383	3.0195938711912e-4
1656.00970873787	3.12800545516152e-4
1657.00647249192	3.15528903712739e-4
1658.00323624596	3.11469492179628e-4
1659.00000000001	2.96225618900245e-4
1661	6.83438671080473e-4
1662	7.42456732820761e-4
1663	9.03110654533229e-4
1664	9.22100750325364e-4
1665	9.28990908773256e-4
1666	9.21100954606527e-4
1667	8.07672323444687e-4
1668	6.46578732530563e-4
1669	7.50391858480812e-4
1670	8.58851625377344e-4
1671	8.83289403263988e-4
1672	0.00104083853766886
1673	0.00103057858581923
1674	6.11435310726849e-4
1675	7.71327339918636e-4
1676	0.00113045878041766
1677	0.00112757683914378
1678	0.0011291367613798
1679	0.00101515402656656
1680	0.00119249730934468
1681	0.00120134188773692
1682	9.46282556416522e-4
1683	5.89442816345314e-4
1684	8.69150725854525e-4
1685	0.00116246428915201
1686	0.00133915107956053
1687	0.00124422168063008
1688	0.00133854879298292
1689	0.00133452551864447
1690	0.00139446809028139
1691	0.00149446271932958
1692	0.00152058991106642
1693	0.0015277872356689
1694	0.00122824301772601
1695	9.82404693908856e-4
1696	0.00130909697933765
1697	0.00152276717704449
1698	0.00108046297161001
1699	6.84104197748735e-4
1700	0.00117961439944954
1701	0.00152344474944431
1702	0.00166428043132042
1703	0.00137564061186521
1704	0.00143223145869772
1705	0.00131165067442673
1706	0.00159286430037997
1707	0.00168991073663074
1708	0.00169198561389062
1709	0.00160297970345098
1710	0.00168292120089754
1711	0.00169666839203156
1712	0.00168570978775189
1713	0.0015134046321955
1714	0.00136797049229931
1715	0.00146744715489075
1716	0.00108382071928021
1717	0.00115557413070412
1718	0.00138757492040061
1719	0.00166990277652244
1720	0.00165343023862473
1721	0.00165215339108019
1722	0.00156236450808965
1723	0.00158625721662356
1724	0.0016471785039491
1725	0.0016128150432634
1726	0.00162495714066808
1727	0.0015979024276017
1728	0.00150413243033315
1729	0.00127005676337678
1730	0.00149499875438365
1731	0.00143534829173687
1732	0.00117397699708308
1733	8.89384543429431e-4
1734	0.0011367556865866
1735	0.00137003934669341
1736	0.00132606038079612
1737	0.00131680925896398
1738	0.00124960311120105
1739	9.35811804264722e-4
1740	0.00132265143876683
1741	0.00127804007196304
1742	0.001181996442864
1743	0.00124324597637434
1744	0.00134720365110322
1745	0.00135182921201929
1746	0.00129391032328314
1747	0.00127494130752122
1748	0.00124415542910654
1749	0.00145326631742085
1750	0.00105872644902396
1751	0.00154337140086463
1752	0.00166899332379024
1753	0.00169301251250545
1754	0.00171252659762011
1755	0.00170042967170875
1756	0.00166966186189139
1757	0.00180829919775922
1758	0.00185910207058087
1759	0.00183909712190546
1760	0.0016926963120522
1761	0.00156319265213387
1762	0.00183448962958672
1763	0.00183846773243185
1764	0.00185265158133464
1765	0.00184616796632663
1766	0.0018191042189616
1767	0.00134106936231023
1768	0.00171287592383512
1769	0.00158958484996487
1770	0.00142212207849249
1771	0.00128400873194719
1772	0.00140801351541191
1773	0.0016591640068436
1774	0.00156577646155183
1775	0.00164176093618348
1776	0.00169646662602806
1777	0.00165851956020556
1778	0.00162111455230291
1779	0.00145901514280417
1780	0.00143855847919555
1781	0.00158866636293401
1782	0.00158512190642476
1783	0.00155615493347447
1784	0.00142539249460893
1785	0.00152107776319429
1786	0.00152977478137502
1787	0.00148302830865359
1788	0.00145054097065715
1789	0.00131884197616343
1790	0.00125013914625512
1791	0.00120950287086358
1792	0.00107328371560487
1793	0.00135816827824866
1794	0.00137482752498544
1795	0.00128820365796026
1796	0.00130703113637644
1797	0.00135565072035424
1798	0.00115847414057533
1799	0.00116611113437946
1800	0.0012114663251066
1801	0.00116329544462912
1802	0.00115748337915515
1803	0.001223804165649
1804	0.0012188834843099
1805	0.00120556993951177
1806	0.00116310271292428
1807	0.00111973807933615
1808	0.00111688022952538
1809	9.71030511890637e-4
1810	9.94179396501189e-4
1811	0.00104454862298696
1812	0.00104874656043292
1813	0.0010428983577643
1814	0.00102951253857685
1815	9.89740544424181e-4
1816	9.7082272302136e-4
1817	9.54678431308446e-4
1818	9.37100697540813e-4
1819	9.14508928014553e-4
1820	8.58604687880523e-4
1821	8.37663183576922e-4
1822	8.14020423972727e-4
1823	7.54023646543817e-4
1824	7.00453266898037e-4
1825	6.35921271539702e-4
1826	7.39101996583458e-4
1827	7.21286359617668e-4
1828	6.67640694149686e-4
1829	5.53697107963988e-4
1830	6.27784379876152e-4
1831	6.52580518276475e-4
1832	6.04927604255742e-4
1833	5.8789192840796e-4
1834	5.84979872805202e-4
1835	5.60960684089999e-4
1836	5.14241314264566e-4
1837	5.07664344837033e-4
1838	5.29783319399867e-4
1839	4.97368255792741e-4
1840	4.59924099262546e-4
1841	4.34709371690781e-4
1842	3.95991379048935e-4
1843	3.05877261306492e-4
1844	3.58086473286867e-4
1845	3.62582542588747e-4
1846	3.69569066889057e-4
1847	3.24325299178775e-4
1848	3.36244550549735e-4
1849	3.28122716050625e-4
1850	3.09542175131267e-4
1851	2.85983735647938e-4
1852	2.76283910315482e-4
1853	2.77365014722297e-4
1854	2.39601646305967e-4
1855	2.58769416638498e-4
1856	2.25854455171953e-4
1857	2.24309590100376e-4
1858	2.31570154793499e-4
1859	2.14417033063084e-4
1860	1.96917596550541e-4
1861	1.79448274366878e-4
1862	1.82911422188152e-4
1863	1.81477980133434e-4
1864	1.62963690737613e-4
1865	1.41335579735533e-4
1866	1.310244335268e-4
1867	1.1719292227192e-4
1868	1.30470329875396e-4
1869	1.22297301017189e-4
1870	1.21137899355284e-4
1871	1.33108345085341e-4
1872	1.42260089632169e-4
1873	1.25390042593232e-4
1874	1.3857108434429e-4
1875	1.18123455034332e-4
1876	1.24330018216633e-4
1877	1.11468188351709e-4
1878	9.81907807482326e-5
1879	9.88261930876142e-5
1880	8.69099531495428e-5
1881	9.16077884549235e-5
1882	7.35994197842975e-5
1883	9.78083287714484e-5
1884	9.61460178172367e-5
1885	7.32229906732894e-5
1886	7.7679911347625e-5
1887	6.78656515654226e-5
1888	5.0763724194104e-5
1889	5.10287302882537e-5
1890	7.70685904713478e-5
