Wavenumber (cm^-1)	Intensity profile for Laser = Laser wrapper [Q0259] - LaserTune LT-OEM [Q0259]: PiF (V)
770	4.38374285515556e-5
770.995412844037	3.44538036723465e-5
771.990825688073	2.69161871535209e-5
772.98623853211	6.74079137664368e-5
773.981651376147	6.55348025100607e-5
774.977064220183	4.87310069946605e-5
775.97247706422	6.7883720162751e-5
776.967889908257	6.75795654410565e-5
777.963302752293	7.16118740781749e-5
778.95871559633	1.01039596260342e-4
779.954128440367	1.01331705250484e-4
780.949541284403	9.50528676788693e-5
781.94495412844	9.72963851804774e-5
782.940366972476	1.09971506206341e-4
783.935779816513	1.20002589156484e-4
784.93119266055	1.2214070650701e-4
785.926605504586	1.35836703281927e-4
786.922018348623	1.51953892098849e-4
787.91743119266	1.51800309021558e-4
788.912844036696	1.46373706957265e-4
789.908256880733	1.62638455985702e-4
790.90366972477	1.64532647272295e-4
791.899082568806	1.49719408895905e-4
792.894495412843	1.44645144479516e-4
793.88990825688	1.57130545233432e-4
794.885321100916	1.64737424708683e-4
795.880733944953	1.45497379986839e-4
796.87614678899	1.2763356009484e-4
797.871559633026	1.31424954100913e-4
798.866972477063	1.42805158984909e-4
799.8623853211	1.23965634837177e-4
800.857798165136	1.24860030404932e-4
801.853211009173	1.18054192077906e-4
802.848623853209	1.40802556114346e-4
803.844036697246	1.45925003456944e-4
804.839449541283	1.29169390867753e-4
805.83486238532	1.28693584471438e-4
806.830275229356	1.35565674322002e-4
807.825688073393	1.53817969056561e-4
808.821100917429	1.41609620128347e-4
809.816513761466	1.58678421737897e-4
810.811926605503	1.56275298293222e-4
811.807339449539	1.60762333296438e-4
812.802752293576	1.69507534403377e-4
813.798165137613	1.831011424601e-4
814.793577981649	1.95685920499322e-4
815.788990825686	2.15166879852212e-4
816.784403669723	2.10598536161018e-4
817.779816513759	2.24165041321749e-4
818.775229357796	2.40101544165386e-4
819.770642201832	2.48608842074169e-4
820.766055045869	2.33684180680921e-4
821.761467889906	2.6677982812075e-4
822.756880733943	2.81087145771945e-4
823.752293577979	2.76244761687937e-4
824.747706422016	2.87899006964747e-4
825.743119266052	2.99417737761594e-4
826.738532110089	2.94478987825168e-4
827.733944954126	3.18736079738528e-4
828.729357798162	3.25186568984762e-4
829.724770642199	3.19235977597946e-4
830.720183486236	3.42240313429871e-4
831.715596330272	3.44556105320793e-4
832.711009174309	3.44896397237144e-4
833.706422018346	3.54539005344727e-4
834.701834862382	3.79015931858916e-4
835.697247706419	3.76049670464172e-4
836.692660550456	3.73152672025854e-4
837.688073394492	3.77163900632756e-4
838.683486238529	4.04549871316815e-4
839.678899082566	4.13376381111732e-4
840.674311926602	3.96834580257593e-4
841.669724770639	4.05658078619623e-4
842.665137614675	4.34332942579773e-4
843.660550458712	4.14535782773637e-4
844.655963302749	4.36844477608419e-4
845.651376146786	4.51844424823869e-4
846.646788990822	4.6141174710925e-4
847.642201834859	4.62354325603214e-4
848.637614678895	4.66660674633146e-4
849.633027522932	4.95320481428856e-4
850.628440366969	4.79859784981533e-4
851.623853211005	4.93200432675659e-4
852.619266055042	5.21565119048339e-4
853.614678899079	5.28584769110417e-4
854.610091743115	5.11064252567658e-4
855.605504587152	5.24188077093843e-4
856.600917431189	5.75090327200798e-4
857.596330275225	5.57229518741687e-4
858.591743119262	5.57922148305942e-4
859.587155963299	5.79146727301021e-4
860.582568807335	5.96083025863496e-4
861.577981651372	6.03208076076657e-4
862.573394495409	6.19677602541482e-4
863.568807339445	6.05120335960578e-4
864.564220183482	6.17012484435545e-4
865.559633027518	6.07692099646985e-4
866.555045871555	5.96019785772847e-4
867.550458715592	5.25931696736033e-4
868.545871559628	5.38450223251717e-4
869.541284403665	4.95639693314991e-4
870.536697247702	5.08525614643019e-4
871.532110091738	5.09657913408932e-4
872.527522935775	5.16903420937615e-4
873.522935779812	4.87593144638083e-4
874.518348623848	5.1218149416913e-4
875.513761467885	5.37149284244073e-4
876.509174311922	5.40485951884049e-4
877.504587155958	5.45644536421303e-4
878.499999999995	5.63228293054712e-4
879.495412844032	5.98437966381963e-4
880.490825688068	6.17181124677276e-4
881.486238532105	6.24968690125811e-4
882.481651376142	6.24595272447691e-4
883.477064220178	6.5570036274851e-4
884.472477064215	6.71031567581647e-4
885.467889908252	6.57507222481349e-4
886.463302752288	6.73139570603292e-4
887.458715596325	6.81336690924603e-4
888.454128440361	6.82167846401709e-4
889.449541284398	6.9209352920077e-4
890.444954128435	6.76780392964962e-4
891.440366972471	7.12610421467154e-4
892.435779816508	7.2641784125893e-4
893.431192660545	7.05837708901897e-4
894.426605504581	7.16248232395936e-4
895.422018348618	7.46579384444522e-4
896.417431192655	7.30031560724607e-4
897.412844036691	7.16248232395936e-4
898.408256880728	7.255927086476e-4
899.403669724765	7.03952551913968e-4
900.399082568801	7.17756960272856e-4
901.394495412838	7.31958877772969e-4
902.389908256875	7.14944281955404e-4
903.385321100911	7.3905080222436e-4
904.380733944948	7.52379404186934e-4
905.376146788985	7.3408796082483e-4
906.371559633021	7.38590052992487e-4
907.366972477058	7.5563777457182e-4
908.362385321094	7.52620318817979e-4
909.357798165131	7.40348729799116e-4
910.353211009168	7.50018440802692e-4
911.348623853204	7.48723524660824e-4
912.344036697241	7.25131959415726e-4
913.339449541278	7.31654723051274e-4
914.334862385314	7.23532888552164e-4
915.330275229351	7.20139003687315e-4
916.325688073388	7.36259203937125e-4
917.321100917424	7.03235830886609e-4
918.316513761461	6.96598632801314e-4
919.311926605498	6.7230239226041e-4
920.307339449534	6.70691275665295e-4
921.302752293571	6.24631409642348e-4
922.298165137608	6.34147537568632e-4
923.293577981644	5.98257280408679e-4
924.288990825681	6.16440312186812e-4
925.284403669718	6.54815001479419e-4
926.279816513754	6.80954238947819e-4
927.275229357791	7.05675091525941e-4
928.270642201827	7.64810599148865e-4
929.266055045864	7.50247309702184e-4
930.261467889901	7.80909719368458e-4
931.256880733937	7.78078972453677e-4
932.252293577974	7.95039362479256e-4
933.247706422011	7.80370672881494e-4
934.243119266047	7.9363302332053e-4
935.238532110084	8.0293835094465e-4
936.233944954121	8.07976478166382e-4
937.229357798157	8.50452739052532e-4
938.224770642194	8.56927319761871e-4
939.220183486231	8.61519754916169e-4
940.215596330267	8.44517204830157e-4
941.211009174304	8.58800431018247e-4
942.20642201834	8.43240357285618e-4
943.201834862377	8.71084065768662e-4
944.197247706414	8.424122132414e-4
945.192660550451	8.5176271235884e-4
946.188073394487	8.57499492010603e-4
947.183486238524	8.60023072770801e-4
948.17889908256	8.56291907422489e-4
949.174311926597	8.82449213488218e-4
950.169724770634	8.74068395760734e-4
951.16513761467	8.81479532098261e-4
952.160550458707	8.86234584628515e-4
953.155963302744	8.73201103088972e-4
954.15137614678	8.67214374507499e-4
955.146788990817	8.61528789214834e-4
956.142201834854	8.48847645323194e-4
957.13761467889	8.52831771034103e-4
958.133027522927	8.64892559750802e-4
959.128440366964	8.62552676396776e-4
960.123853211	8.69903584076541e-4
961.119266055037	8.67870866877098e-4
962.114678899074	8.69424766247339e-4
963.11009174311	8.71192477352633e-4
964.105504587147	8.74998928523146e-4
965.100917431183	8.75285014647512e-4
966.09633027522	8.85755766799313e-4
967.091743119257	8.83409860579511e-4
968.087155963293	8.9450397933914e-4
969.08256880733	8.84620456600512e-4
970.077981651367	8.80085238671087e-4
971.073394495403	9.08112644560304e-4
972.06880733944	9.00782816910755e-4
973.064220183477	9.17240297644027e-4
974.059633027513	9.12894799986551e-4
975.05504587155	8.92603765186772e-4
976.050458715587	8.96883011320711e-4
977.045871559623	8.95630255239276e-4
978.04128440366	8.83171957381354e-4
979.036697247697	8.76691353806239e-4
980.032110091733	8.75450643456356e-4
981.02752293577	8.79142660177123e-4
982.022935779807	8.86815791175912e-4
983.018348623843	8.91751529679449e-4
984.01376146788	8.50955648344839e-4
985.009174311917	8.35082385591851e-4
986.004587155953	8.30155681386977e-4
986.99999999999	8.40921553961808e-4
989	5.2750667613649e-4
989.997229916898	5.31794956569094e-4
990.994459833795	5.33141067070059e-4
991.991689750692	5.25705839269428e-4
992.98891966759	5.23414138841611e-4
993.986149584488	5.2946711894662e-4
994.983379501385	5.44427917534525e-4
995.980609418282	5.45442770417803e-4
996.97783933518	5.54624629293512e-4
997.975069252077	5.61195575855269e-4
998.972299168975	5.55052252763617e-4
999.969529085872	5.73322616095504e-4
1000.96675900277	5.95224767490398e-4
1001.96398891967	5.95866202695555e-4
1002.96121883656	5.82703229541825e-4
1003.95844875346	5.97986251448753e-4
1004.95567867036	6.02888864190522e-4
1005.95290858726	6.04807146940219e-4
1006.95013850415	5.98904738479613e-4
1007.94736842105	6.0149155933046e-4
1008.94459833795	6.0737288776085e-4
1009.94182825485	5.96787701159303e-4
1010.93905817174	5.82811641125796e-4
1011.93628808864	5.95522899346316e-4
1012.93351800554	6.12561586626985e-4
1013.93074792244	5.97131004508543e-4
1014.92797783933	5.82962212770199e-4
1015.92520775623	5.96585935155803e-4
1016.92243767313	6.09209861822569e-4
1017.91966759003	5.97004524327244e-4
1018.91689750692	5.98940875674269e-4
1019.91412742382	6.06463435028655e-4
1020.91135734072	5.94917601335815e-4
1021.90858725762	5.95902339890212e-4
1022.90581717451	5.96516672199377e-4
1023.90304709141	6.19632431048161e-4
1024.90027700831	6.25269833414618e-4
1025.89750692521	6.17187147543052e-4
1026.8947368421	6.15708533995013e-4
1027.891966759	6.33256153433765e-4
1028.8891966759	6.53191839152752e-4
1029.8864265928	6.31045761693926e-4
1030.8836565097	6.55010744617143e-4
1031.88088642659	6.64909324520211e-4
1032.87811634349	6.58154680552283e-4
1033.87534626039	6.54830058643859e-4
1034.87257617729	6.81017479038469e-4
1035.86980609418	6.7325099362015e-4
1036.86703601108	6.88160597848958e-4
1037.86426592798	6.82676778559792e-4
1038.86149584488	6.89160393567795e-4
1039.85872576177	6.64325106539927e-4
1040.85595567867	6.68312243683724e-4
1041.85318559557	6.46497423842585e-4
1042.85041551247	6.56531518225616e-4
1043.84764542936	6.52854558669289e-4
1044.84487534626	6.42133857587779e-4
1045.84210526316	6.42543412460556e-4
1046.83933518006	6.5177947712825e-4
1047.83656509695	6.43760031347334e-4
1048.83379501385	6.23863494255892e-4
1049.83102493075	6.20213637595557e-4
1050.82825484765	5.9951605935589e-4
1051.82548476454	6.11968334348037e-4
1052.82271468144	5.93487170713985e-4
1053.81994459834	5.89337416194232e-4
1054.81717451524	6.06008708662557e-4
1055.81440443214	5.98353646261097e-4
1056.81163434903	5.71383253315591e-4
1057.80886426593	5.95026012919785e-4
1058.80609418283	5.86690366685623e-4
1059.80332409973	5.70166634428813e-4
1060.80055401662	5.643666146864e-4
1061.79778393352	5.71190521610755e-4
1062.79501385042	5.77162193027787e-4
1063.79224376732	5.54702926548601e-4
1064.78947368421	5.42783675177642e-4
1065.78670360111	5.23730339294857e-4
1066.78393351801	5.51053069888267e-4
1067.78116343491	5.29027449744963e-4
1068.7783933518	5.12690426327213e-4
1069.7756232687	5.20140711292284e-4
1070.7728531856	5.23209361405222e-4
1071.7700831025	5.251577584838e-4
1072.76731301939	5.07372235846891e-4
1073.76454293629	5.02186548413644e-4
1074.76177285319	5.03854882233631e-4
1075.75900277009	5.08522603210131e-4
1076.75623268698	4.84946095129474e-4
1077.75346260388	4.8576219344214e-4
1078.75069252078	4.94901892257415e-4
1079.74792243768	4.86307262794879e-4
1080.74515235457	4.90583497495931e-4
1081.74238227147	4.73824873473852e-4
1082.73961218837	4.85159906864527e-4
1083.73684210527	4.96672614795597e-4
1084.73407202217	5.0726382426292e-4
1085.73130193906	5.07510761759742e-4
1086.72853185596	4.95163886918677e-4
1087.72576177286	5.09432055942327e-4
1088.72299168976	5.09889793741313e-4
1089.72022160665	4.91146635445999e-4
1090.71745152355	4.98313845719593e-4
1091.71468144045	5.04131934059333e-4
1092.71191135735	4.76851363526357e-4
1093.70914127424	4.70834520616004e-4
1094.70637119114	4.70421954310339e-4
1095.70360110804	4.43177520972019e-4
1096.70083102494	4.57292106918377e-4
1097.69806094183	4.39997447842223e-4
1098.69529085873	4.27629492970942e-4
1099.69252077563	4.20185230871646e-4
1100.68975069253	4.08687580105016e-4
1101.68698060942	4.09783741676271e-4
1102.68421052632	3.91284509444891e-4
1103.68144044322	3.82735051475675e-4
1104.67867036012	3.94907263209232e-4
1105.67590027701	3.51714281295722e-4
1106.67313019391	3.59854184392161e-4
1107.67036011081	3.46031707435945e-4
1108.66759002771	3.41722346973124e-4
1109.6648199446	3.30212650474942e-4
1110.6620498615	3.22792479838751e-4
1111.6592797784	3.01396249169052e-4
1112.6565096953	3.02495422173196e-4
1113.6537396122	2.94253130358563e-4
1114.65096952909	3.03154925975682e-4
1115.64819944599	2.87519566420851e-4
1116.64542936289	2.91094137258983e-4
1117.64265927979	2.5668249364707e-4
1118.63988919668	2.6212716430869e-4
1119.63711911358	2.62130175741578e-4
1120.63434903048	2.48111955647638e-4
1121.63157894738	2.44672899289468e-4
1122.62880886427	2.55486954790508e-4
1123.62603878117	2.33196328553054e-4
1124.62326869807	2.49433974685498e-4
1125.62049861497	2.28305761542837e-4
1126.61772853186	2.07520851749416e-4
1127.61495844876	2.11649526238952e-4
1128.61218836566	2.11682652000721e-4
1129.60941828256	2.19298565774636e-4
1130.60664819945	1.93818832108722e-4
1131.60387811635	2.03443371618977e-4
1132.60110803325	2.11727823494042e-4
1133.59833795015	2.05665809090368e-4
1134.59556786704	1.83944343668759e-4
1135.59279778394	1.82393455731405e-4
1136.59002770084	1.78008809446383e-4
1137.58725761774	1.77448682929203e-4
1138.58448753464	1.88094098188512e-4
1139.58171745153	1.71540251602821e-4
1140.57894736843	1.74175255379877e-4
1141.57617728533	1.41621665859899e-4
1142.57340720223	1.51926789202856e-4
1143.57063711912	1.39507639972478e-4
1144.56786703602	1.60530452964057e-4
1145.56509695292	1.59985383611317e-4
1146.56232686982	1.44238601039628e-4
1147.55955678671	1.41949912044699e-4
1148.55678670361	1.46223135312862e-4
1149.55401662051	1.51565417256289e-4
1150.55124653741	1.42627484444513e-4
1151.5484764543	1.38411478401223e-4
1152.5457063712	1.4837329839494e-4
1153.5429362881	1.35948126298786e-4
1154.540166205	1.38056129320431e-4
1155.53739612189	1.43850126197067e-4
1156.53462603879	1.4985191194298e-4
1157.53185595569	1.53703534606814e-4
1158.52908587259	1.40805567547234e-4
1159.52631578948	1.50153055231786e-4
1160.52354570638	1.47322308317006e-4
1161.52077562328	1.54344969811972e-4
1162.51800554018	1.70028512293012e-4
1163.51523545708	1.49005699301434e-4
1164.51246537397	1.61861506300581e-4
1165.50969529087	1.55651931685392e-4
1166.50692520777	1.4658450725943e-4
1167.50415512467	1.48057097941693e-4
1168.50138504156	1.48340172633171e-4
1169.49861495846	1.54658158832331e-4
1170.49584487536	1.42799136119133e-4
1171.49307479226	1.59509577215003e-4
1172.49030470915	1.46653770215855e-4
1173.48753462605	1.33346248283498e-4
1174.48476454295	1.57955677844762e-4
1175.48199445985	1.62141569559171e-4
1176.47922437674	1.63135342412233e-4
1177.47645429364	1.65159025313012e-4
1178.47368421054	1.58789844754755e-4
1179.47091412744	1.66968896478739e-4
1180.46814404433	1.44509629999553e-4
1181.46537396123	1.72672550368733e-4
1182.46260387813	1.63382279909054e-4
1183.45983379503	1.56335526950983e-4
1184.45706371192	1.62596295925269e-4
1185.45429362882	1.60018509373086e-4
1186.45152354572	1.4471741886883e-4
1187.44875346262	1.52462824256932e-4
1188.44598337952	1.54182352436017e-4
1189.44321329641	1.67288108364874e-4
1190.44044321331	1.5629336689055e-4
1191.43767313021	1.64761516171787e-4
1192.43490304711	1.58434495673964e-4
1193.432132964	1.61325471246506e-4
1194.4293628809	1.63731606124069e-4
1195.4265927978	1.63111250949128e-4
1196.4238227147	1.66029329417663e-4
1197.42105263159	1.49927197765181e-4
1198.41828254849	1.69902032111714e-4
1199.41551246539	1.54302809751539e-4
1200.41274238229	1.42166735212639e-4
1201.40997229918	1.48620235891761e-4
1202.40720221608	1.77701643291801e-4
1203.40443213298	1.56007280766184e-4
1204.40166204988	1.53369265556239e-4
1205.39889196677	1.66715936116141e-4
1206.39612188367	1.48391366992269e-4
1207.39335180057	1.48403412723821e-4
1208.39058171747	1.38357272609238e-4
1209.38781163436	1.45148053771823e-4
1210.38504155126	1.51336548356796e-4
1211.38227146816	1.48192612421656e-4
1212.37950138506	1.3202121781275e-4
1213.37673130195	1.34120186535731e-4
1214.37396121885	1.45129985174495e-4
1215.37119113575	1.2419450373667e-4
1216.36842105265	1.46461038511019e-4
1217.36565096955	1.58925359234718e-4
1218.36288088644	1.33180619474655e-4
1219.36011080334	1.41109722268928e-4
1220.35734072024	1.39251668176993e-4
1221.35457063714	1.31900760497227e-4
1222.35180055403	1.49255648231143e-4
1223.34903047093	1.47244011061916e-4
1224.34626038783	1.38125392276857e-4
1225.34349030473	1.24269789558872e-4
1226.34072022162	1.25989317737956e-4
1227.33795013852	1.16325629600157e-4
1228.33518005542	1.3147614846001e-4
1229.33240997232	1.37974820632453e-4
1230.32963988921	1.23254936675594e-4
1231.32686980611	1.21508305600516e-4
1232.32409972301	1.28883304743386e-4
1233.32132963991	1.20282652415074e-4
1234.3185595568	1.19349108219774e-4
1235.3157894737	1.11254376616657e-4
1236.3130193906	1.2484798467338e-4
1237.3102493075	1.05285716632513e-4
1238.30747922439	1.19222628038475e-4
1239.30470914129	1.14277855236273e-4
1240.30193905819	1.1652438417077e-4
1241.29916897509	1.28464715571945e-4
1242.29639889199	1.26022443499725e-4
1243.29362880888	1.45063733650957e-4
1244.29085872578	1.31144890842323e-4
1245.28808864268	1.40612835842398e-4
1246.28531855958	1.61789231911268e-4
1247.28254847647	1.6937804278919e-4
1248.27977839337	1.85260339840843e-4
1249.27700831027	1.85413922918134e-4
1250.27423822717	2.1639855590343e-4
1251.27146814406	2.14447147391964e-4
1252.26869806096	2.27420400273746e-4
1253.26592797786	2.44173001430049e-4
1254.26315789476	2.57619049275258e-4
1255.26038781165	2.81957449876595e-4
1256.25761772855	2.9046173635249e-4
1257.25484764545	3.12128995982114e-4
1258.25207756235	3.1417375891311e-4
1259.24930747924	3.20636293890896e-4
1260.24653739614	3.65506643923058e-4
1261.24376731304	3.65765627151432e-4
1262.24099722994	3.72393790938062e-4
1263.23822714683	3.95250566558472e-4
1264.23545706373	3.91934978948713e-4
1265.23268698063	3.94841011685695e-4
1266.22991689753	4.17562272826142e-4
1267.22714681443	4.2878287176707e-4
1268.22437673132	4.24849940415258e-4
1269.22160664822	4.59035726560567e-4
1270.21883656512	4.38148428048951e-4
1271.21606648202	4.56108613793368e-4
1272.21329639891	4.60999180803585e-4
1273.21052631581	4.5657237445813e-4
1274.20775623271	4.66835337740654e-4
1275.20498614961	4.74162153957315e-4
1276.2022160665	4.77772861990104e-4
1277.1994459834	4.81729884805021e-4
1278.1966759003	4.62872292059961e-4
1279.1939058172	4.66796189113109e-4
1280.19113573409	4.67265972643647e-4
1281.18836565099	4.39048846482482e-4
1282.18559556789	4.35070743637349e-4
1283.18282548479	4.18131433641986e-4
1284.18005540168	4.05167215058868e-4
1285.17728531858	4.05986324804422e-4
1286.17451523548	4.11301503851856e-4
1287.17174515238	4.10530577032511e-4
1288.16897506927	4.37103460836793e-4
1289.16620498617	4.61797210518922e-4
1290.16343490307	4.60770311904092e-4
1291.16066481997	4.69148118198687e-4
1292.15789473686	4.76604426029535e-4
1293.15512465376	4.94495348817527e-4
1294.15235457066	5.08438283089266e-4
1295.14958448756	5.27070018367721e-4
1296.14681440446	5.13952216707312e-4
1297.14404432135	5.12530820384145e-4
1298.14127423825	5.11546081829748e-4
1299.13850415515	5.188247151202e-4
1300.13573407205	4.98259639927607e-4
1301.13296398894	4.95239172740879e-4
1302.13019390584	4.89387958639369e-4
1303.12742382274	4.94968143780953e-4
1304.12465373964	4.80612643203549e-4
1305.12188365653	4.81603404623723e-4
1306.11911357343	4.60619740259689e-4
1307.11634349033	4.49001632177536e-4
1308.11357340723	4.57686604626714e-4
1309.11080332412	4.38440537039093e-4
1310.10803324102	4.33044049303682e-4
1311.10526315792	4.15222389472116e-4
1312.10249307482	3.98548085570902e-4
1313.09972299171	4.11768275949506e-4
1314.09695290861	4.01981119063296e-4
1315.09418282551	3.81355815212942e-4
1316.09141274241	3.77392769532249e-4
1317.0886426593	3.6464838554996e-4
1318.0858725762	3.6057090541952e-4
1319.0831024931	3.49256952059062e-4
1320.08033241	3.6346489242495e-4
1321.07756232689	3.55662269811975e-4
1322.07479224379	3.53843364347584e-4
1323.07202216069	3.28318459188349e-4
1324.06925207759	3.24466836524514e-4
1325.06648199449	3.31920132922474e-4
1326.06371191138	3.09358477725095e-4
1327.06094182828	2.98824485482645e-4
1328.05817174518	2.90961634211908e-4
1329.05540166208	2.749167197843e-4
1330.05263157897	2.73477254863806e-4
1331.04986149587	2.6555116350242e-4
1332.04709141277	2.74395741894665e-4
1333.04432132967	2.45025236937372e-4
1334.04155124656	2.49569489165461e-4
1335.03878116346	2.35611497729282e-4
1336.03601108036	2.21828169400611e-4
1337.03324099726	2.09360837244023e-4
1338.03047091415	1.89039688115364e-4
1339.02770083105	1.99311685696552e-4
1340.02493074795	2.09351802945359e-4
1341.02216066485	1.99703171972e-4
1342.01939058174	1.98685307655835e-4
1343.01662049864	1.86016209495747e-4
1344.01385041554	1.99534531730269e-4
1345.01108033244	1.93460471595043e-4
1346.00831024933	1.77791986278443e-4
1347.00554016623	1.67703686103426e-4
1348.00277008313	1.70534433018207e-4
1349.00000000003	1.58365232717538e-4
1351	8.65997755620722e-5
1351.99676375405	8.1320733709295e-5
1352.99352750809	8.85812984024186e-5
1353.99029126214	8.2766221495566e-5
1354.98705501618	1.01521425522432e-4
1355.98381877023	9.73596252711267e-5
1356.98058252427	1.11275456646873e-4
1357.97734627832	1.06396935368208e-4
1358.97411003236	9.32972023051277e-5
1359.97087378641	1.21643820080479e-4
1360.96763754045	1.09667351484647e-4
1361.9644012945	1.09769740202841e-4
1362.96116504854	1.40959150624525e-4
1363.95792880259	1.63909280664465e-4
1364.95469255663	1.46780250397154e-4
1365.95145631068	1.44587927254643e-4
1366.94822006473	1.56522235790043e-4
1367.94498381877	1.79409125739333e-4
1368.94174757282	1.69408157118071e-4
1369.93851132686	1.64647081722041e-4
1370.93527508091	1.68065058049994e-4
1371.93203883495	1.61211036796759e-4
1372.928802589	1.5816045528115e-4
1373.92556634304	1.52598338736895e-4
1374.92233009709	1.92776876329452e-4
1375.91909385113	1.83763657695475e-4
1376.91585760518	1.93848946437603e-4
1377.91262135922	1.8251090161404e-4
1378.90938511327	2.10514216040152e-4
1379.90614886731	2.1238431586364e-4
1380.90291262136	2.19497320345249e-4
1381.89967637541	2.29808466553982e-4
1382.89644012945	2.38279627268107e-4
1383.8932038835	2.45600420618992e-4
1384.88996763754	2.08830825055724e-4
1385.88673139159	1.80508298743477e-4
1386.88349514563	2.00459041626905e-4
1387.88025889968	2.45175808581775e-4
1388.87702265372	2.56983636935876e-4
1389.87378640777	2.59823418149321e-4
1390.87055016181	2.44600624900155e-4
1391.86731391586	2.52364098885585e-4
1392.8640776699	2.00516258851778e-4
1393.86084142395	2.30416775997371e-4
1394.85760517799	2.47280800170532e-4
1395.85436893204	2.57754563755221e-4
1396.85113268609	2.30615530567983e-4
1397.84789644013	2.27188519941365e-4
1398.84466019418	2.76485676318982e-4
1399.84142394822	2.90124455869026e-4
1400.83818770227	2.99622515197982e-4
1401.83495145631	2.91530795027753e-4
1402.83171521036	2.65102460002098e-4
1403.8284789644	2.56935454009667e-4
1404.82524271845	2.92383030535075e-4
1405.82200647249	3.03462092130264e-4
1406.81877022654	2.96240676064686e-4
1407.81553398058	3.11764612602658e-4
1408.81229773463	3.06280793313493e-4
1409.80906148867	3.01980467149336e-4
1410.80582524272	2.9271729958565e-4
1411.80258899677	3.2461439673603e-4
1412.79935275081	3.09084437332281e-4
1413.79611650486	3.2725843481175e-4
1414.7928802589	3.01727506786739e-4
1415.78964401295	2.83186114494926e-4
1416.78640776699	2.66177541543137e-4
1417.78317152104	1.99513451700052e-4
1418.77993527508	2.81656306587789e-4
1419.77669902913	3.36154207563093e-4
1420.77346278317	3.55011800308153e-4
1421.77022653722	3.44411556542166e-4
1422.76699029126	3.28438916503872e-4
1423.76375404531	3.72444985297159e-4
1424.76051779935	4.1924566381057e-4
1425.7572815534	4.01309569529257e-4
1426.75404530745	4.13078249255814e-4
1427.75080906149	3.80057887638186e-4
1428.74757281554	3.74911348832484e-4
1429.74433656958	4.53696456050028e-4
1430.74110032363	4.49341924093887e-4
1431.73786407767	4.53347129835013e-4
1432.73462783172	4.70337634189473e-4
1433.73139158576	4.40539505762074e-4
1434.72815533981	3.17022574425219e-4
1435.72491909385	3.4169825551002e-4
1436.7216828479	5.12729574954758e-4
1437.71844660194	5.38775458003628e-4
1438.71521035599	5.56940421184433e-4
1439.71197411003	5.71256773134292e-4
1440.70873786408	5.75906425513464e-4
1441.70550161813	5.79267184616544e-4
1442.70226537217	6.02976195744276e-4
1443.69902912622	6.20415403599058e-4
1444.69579288026	6.22670966832218e-4
1445.69255663431	5.60783009549604e-4
1446.68932038835	5.324243460427e-4
1447.6860841424	6.54137429079604e-4
1448.68284789644	6.59783865744726e-4
1449.67961165049	6.63505996794373e-4
1450.67637540453	6.50797750006741e-4
1451.67313915858	6.95165190746596e-4
1452.66990291262	6.59702557056748e-4
1453.66666666667	5.61111255734403e-4
1454.66343042071	4.11961007654342e-4
1455.66019417476	3.70692331356305e-4
1456.65695792881	4.6058661449792e-4
1457.65372168285	5.79598442234231e-4
1458.6504854369	7.27616391548379e-4
1459.64724919094	7.62536967318376e-4
1460.64401294499	8.00562330395967e-4
1461.64077669903	7.6531651987406e-4
1462.63754045308	6.44738747035955e-4
1463.63430420712	6.36508500952875e-4
1464.63106796117	7.92612147571476e-4
1465.62783171521	8.56644245070393e-4
1466.62459546926	8.9058309371888e-4
1467.6213592233	8.95145414544298e-4
1468.61812297735	8.95979581454292e-4
1469.61488673139	7.6038379280341e-4
1470.61165048544	5.62198383006994e-4
1471.60841423949	6.06421274968222e-4
1472.60517799353	7.86983779503684e-4
1473.60194174758	8.7805854433742e-4
1474.59870550162	7.61943715039427e-4
1475.59546925567	9.29189663343868e-4
1476.59223300971	0.00103531858118504
1477.58899676376	0.00105161946740813
1478.5857605178	0.00104114269239056
1479.58252427185	9.80591811310242e-4
1480.57928802589	0.00102897349208989
1481.57605177994	0.00107916203260237
1482.57281553398	0.00108506745249586
1483.56957928803	0.00107875548916248
1484.56634304207	9.93269943768993e-4
1485.56310679612	8.55292111703652e-4
1486.55987055017	8.82918997018756e-4
1487.55663430421	7.90356584338316e-4
1488.55339805826	7.03208727990616e-4
1489.5501618123	8.10846373708707e-4
1490.54692556635	9.99479518384182e-4
1491.54368932039	0.00102259226580008
1492.54045307444	0.00102331199826033
1493.53721682848	8.97714166797817e-4
1494.53398058253	7.00736341589515e-4
1495.53074433657	7.96424621607766e-4
1496.52750809062	8.28893891006878e-4
1497.52427184466	7.53716480389235e-4
1498.52103559871	9.11325843451869e-4
1499.51779935275	9.29569103887764e-4
1500.5145631068	9.12777354103916e-4
1501.51132686085	9.55657146997067e-4
1502.50809061489	8.85171548819028e-4
1503.50485436894	6.84110220614511e-4
1504.50161812298	5.26470743222996e-4
1505.49838187703	3.55978470265222e-4
1506.49514563107	4.13117397883359e-4
1507.49190938512	5.6567357655982e-4
1508.48867313916	6.71149013464281e-4
1509.48543689321	7.85538291717413e-4
1510.48220064725	8.35898483904516e-4
1511.4789644013	7.51512111515171e-4
1512.47572815534	8.69256126005607e-4
1513.47249190939	8.32381130291257e-4
1514.46925566343	7.71300237022644e-4
1515.46601941748	5.85097318687837e-4
1516.46278317153	5.28259534358506e-4
1517.45954692557	7.51000167924201e-4
1518.45631067962	7.24050855008911e-4
1519.45307443366	5.49782245209504e-4
1520.44983818771	4.36013322131313e-4
1521.44660194175	5.15972888175203e-4
1522.4433656958	6.23779174135026e-4
1523.44012944984	6.18292343412972e-4
1524.43689320389	5.38170159993127e-4
1525.43365695793	5.99127584513329e-4
1526.43042071198	6.14100428832786e-4
1527.42718446602	5.96110128759489e-4
1528.42394822007	6.68992827516427e-4
1529.42071197411	6.38914635830438e-4
1530.41747572816	5.42783675177642e-4
1531.41423948221	4.46041393648568e-4
1532.41100323625	3.69298037929131e-4
1533.4077669903	4.80034448089041e-4
1534.40453074434	4.63739584731724e-4
1535.40129449839	4.55229275390053e-4
1536.39805825243	3.59312126472309e-4
1537.39482200648	1.95047496727053e-4
1538.39158576052	1.45226351026913e-4
1539.38834951457	2.10444953083727e-4
1540.38511326861	2.26390490226028e-4
1541.38187702266	2.29784375090877e-4
1542.3786407767	2.70649519381913e-4
1543.37540453075	2.6978222671015e-4
1544.37216828479	2.79954847006032e-4
1545.36893203884	3.60546813956416e-4
1546.36569579289	3.5411439330751e-4
1547.36245954693	3.67708001364233e-4
1548.35922330098	2.99161765966108e-4
1549.35598705502	2.85712706688012e-4
1550.35275080907	3.21910130002548e-4
1551.34951456311	3.27957087241781e-4
1552.34627831716	2.7042065048242e-4
1553.3430420712	2.11366451547474e-4
1554.33980582525	2.77030745671722e-4
1555.33656957929	2.26209804252744e-4
1556.33333333334	1.4806312080747e-4
1557.33009708738	1.05698282938178e-4
1558.32686084143	1.11760297341851e-4
1559.32362459547	1.57425665656462e-4
1560.32038834952	2.66933411198041e-4
1561.31715210357	2.91464543504215e-4
1562.31391585761	2.66602153580354e-4
1563.31067961166	2.26522993273103e-4
1564.3074433657	2.60940659750793e-4
1565.30420711975	2.84520179264338e-4
1566.30097087379	2.82144158715655e-4
1567.29773462784	2.07855120799991e-4
1568.29449838188	1.83176428282302e-4
1569.29126213593	2.55526103418053e-4
1570.28802588997	2.97165185961321e-4
1571.28478964402	2.90817085433281e-4
1572.28155339806	3.01170391702447e-4
1573.27831715211	2.91338063322916e-4
1574.27508090615	1.72594253113643e-4
1575.2718446602	1.94896925082649e-4
1576.26860841425	2.74717965213688e-4
1577.26537216829	3.09518083668162e-4
1578.26213592234	3.20024973014619e-4
1579.25889967638	3.25505780870897e-4
1580.25566343043	3.2948388371603e-4
1581.25242718447	3.11677281048904e-4
1582.24919093852	3.27999247302214e-4
1583.24595469256	3.14215918973543e-4
1584.24271844661	3.08370727737809e-4
1585.23948220065	3.19958721491082e-4
1586.2362459547	3.19651555336499e-4
1587.23300970874	3.28463007966976e-4
1588.22977346279	3.1149659507562e-4
1589.22653721683	3.18718011141199e-4
1590.22330097088	3.02865828418427e-4
1591.22006472493	3.14676668205417e-4
1592.21682847897	3.09846329852961e-4
1593.21359223302	3.10566062313208e-4
1594.21035598706	3.19708772561372e-4
1595.20711974111	3.0309469731792e-4
1596.20388349515	3.24262059088126e-4
1597.2006472492	3.19497972259208e-4
1598.19741100324	2.98728119630227e-4
1599.19417475729	3.2154875805598e-4
1600.19093851133	2.87372006209335e-4
1601.18770226538	2.80819128244907e-4
1602.18446601942	2.87667126632366e-4
1603.18122977347	3.02341839095904e-4
1604.17799352751	2.94448873496287e-4
1605.17475728156	2.84327447559502e-4
1606.17152103561	2.76636247963385e-4
1607.16828478965	2.81490677778945e-4
1608.1650485437	2.45163762850223e-4
1609.16181229774	2.88645842320987e-4
1610.15857605179	2.66252827365339e-4
1611.15533980583	2.75214851640219e-4
1612.15210355988	2.75118485787801e-4
1613.14886731392	2.51180605760576e-4
1614.14563106797	2.14630844798136e-4
1615.14239482201	1.51300411162139e-4
1616.13915857606	1.89479357317021e-4
1617.1359223301	2.39788355145027e-4
1618.13268608415	2.5848634194702e-4
1619.12944983819	2.28275647213957e-4
1620.12621359224	2.38104964160599e-4
1621.12297734629	2.00799333543256e-4
1622.11974110033	1.81080470992209e-4
1623.11650485438	2.03347005766558e-4
1624.11326860842	2.19684029184309e-4
1625.11003236247	2.261706556252e-4
1626.10679611651	1.8333603422537e-4
1627.10355987056	1.44395195549807e-4
1628.1003236246	2.24074698335107e-4
1629.09708737865	2.39451074661564e-4
1630.09385113269	2.29004413972868e-4
1631.09061488674	2.30166827067661e-4
1632.08737864078	2.30696839255961e-4
1633.08414239483	1.81634574643613e-4
1634.08090614887	1.49032802197426e-4
1635.07766990292	1.34303883941903e-4
1636.07443365696	1.99371914354313e-4
1637.07119741101	2.34123849882578e-4
1638.06796116506	2.43233434368973e-4
1639.0647249191	2.53101899943161e-4
1640.06148867315	2.75964698429347e-4
1641.05825242719	2.69556369243545e-4
1642.05501618124	2.58965159776223e-4
1643.05177993528	2.373731859688e-4
1644.04854368933	1.98591953236305e-4
1645.04530744337	1.7700299086177e-4
1646.04207119742	1.97215728406459e-4
1647.03883495146	2.48120989946302e-4
1648.03559870551	2.91350109054469e-4
1649.03236245955	2.53394008933303e-4
1650.0291262136	1.5777198043859e-4
1651.02588996765	9.12343707768035e-5
1652.02265372169	1.20906019022903e-4
1653.01941747574	2.28983333942652e-4
1654.01618122978	2.86375221923386e-4
1655.01294498383	2.95641400919961e-4
1656.00970873787	3.1110812023306e-4
1657.00647249192	2.73133951514566e-4
1658.00323624596	2.79051417139613e-4
1659.00000000001	2.91061011497214e-4
1661	6.13495130822285e-4
1662	5.52673220782046e-4
1663	8.20293238678566e-4
1664	8.6852133638092e-4
1665	9.19797004165994e-4
1666	9.00614176669023e-4
1667	7.84752307733628e-4
1668	5.2674478361581e-4
1669	5.99937659960219e-4
1670	8.29360663104528e-4
1671	7.80382718613046e-4
1672	0.00108621179699333
1673	0.00106742045577181
1674	5.47243607284865e-4
1675	6.06273714756707e-4
1676	0.00122686679289616
1677	0.00123673826990324
1678	0.00127072530147793
1679	0.00101443429410631
1680	0.00118260475230739
1681	0.00126144105388403
1682	9.98422505440472e-4
1683	4.42292159702928e-4
1684	6.10805921253244e-4
1685	9.89102120651912e-4
1686	0.00139076101639618
1687	0.0012892787395013
1688	0.00140798641251591
1689	0.00133758814589163
1690	0.00143796221548371
1691	0.00161894029775772
1692	0.00162562869020212
1693	0.00160950246708653
1694	0.00135938188570255
1695	6.58648555545925e-4
1696	0.00104684634628055
1697	0.00150293990290948
1698	0.00115559822216722
1699	6.88440661107548e-4
1700	7.67761803379168e-4
1701	0.00130010484073389
1702	0.00170127287291741
1703	0.00137332481997429
1704	0.00128160560850251
1705	0.00131778195178683
1706	0.00149610395025357
1707	0.00174002399132102
1708	0.00185042312099747
1709	0.00172495176971626
1710	0.00176512428444304
1711	0.00191270557598842
1712	0.00187120803079089
1713	0.00161307402649177
1714	0.00130548024843908
1715	0.00141819215857356
1716	0.00109841713448866
1717	9.04577222349716e-4
1718	0.00128825786375224
1719	0.00192478443330245
1720	0.00196295133372578
1721	0.0019124074441325
1722	0.001871635654261
1723	0.00180280032130562
1724	0.00194161232028095
1725	0.00192944914284606
1726	0.00191380776042545
1727	0.00189124911666096
1728	0.001862703744315
1729	0.00134092782496449
1730	0.00170826542008349
1731	0.00176545855349362
1732	0.00144963452935785
1733	8.4645656761007e-4
1734	0.00106690851218084
1735	0.00163555437300118
1736	0.00166237419430228
1737	0.00162116875809489
1738	0.00163538874419233
1739	0.00107644572013734
1740	0.00161026134817432
1741	0.00167358575894454
1742	0.00152946460378755
1743	0.0014367787223587
1744	0.00169906248117757
1745	0.00169013960553023
1746	0.00155871766286221
1747	0.00153718892914544
1748	0.00144788187541699
1749	0.00168986255370453
1750	0.00112777258228151
1751	0.00166541875295211
1752	0.00215448749970535
1753	0.00216261535707023
1754	0.0022152792954167
1755	0.00223055027159208
1756	0.00198614237839676
1757	0.00225980634209963
1758	0.00231036227742445
1759	0.00232529597311637
1760	0.00223554322732049
1761	0.0015934123811656
1762	0.00223228184550272
1763	0.00231204566840888
1764	0.002340021879939
1765	0.00236359838801966
1766	0.00232489545254225
1767	0.00150315973751031
1768	0.00202193928113719
1769	0.00209087399137787
1770	0.00175193721982621
1771	0.00140087641946719
1772	0.00133333299122079
1773	0.00198207995543076
1774	0.0018726685757416
1775	0.00179444961790701
1776	0.00201237798171758
1777	0.00195578713488507
1778	0.00188326279664181
1779	0.00169685510087062
1780	0.00158913313503166
1781	0.00176986729124174
1782	0.00184162070266566
1783	0.00180681456134541
1784	0.00160727701818225
1785	0.00159496025767007
1786	0.00172553899912943
1787	0.0016723601057591
1788	0.00163091676635356
1789	0.00148151656934379
1790	0.00126852695546964
1791	0.00127338439671809
1792	0.00100563488720739
1793	0.00128254818699647
1794	0.00149344485501341
1795	0.00133348958573097
1796	0.00133136953697778
1797	0.00135688540783835
1798	0.00114650670627816
1799	0.00104186543628369
1800	0.00118686291841111
1801	0.00111367305349959
1802	0.00111237512592483
1803	0.001189717756789
1804	0.00121671525263049
1805	0.00118737486200208
1806	0.00119711383596208
1807	0.00114873817804821
1808	0.00112330361587562
1809	9.50721408493529e-4
1810	8.664825963157e-4
1811	9.99708387283675e-4
1812	0.00100318659226939
1813	0.00102435094260671
1814	0.00101150718133911
1815	9.82543219821707e-4
1816	9.4084089718779e-4
1817	8.92441147810816e-4
1818	8.9982518125235e-4
1819	8.54927728324196e-4
1820	8.06079275446901e-4
1821	8.04510318912219e-4
1822	7.39719340325511e-4
1823	7.11848528946474e-4
1824	6.77006250431567e-4
1825	5.23883922372149e-4
1826	5.99630493805636e-4
1827	6.50851955798726e-4
1828	6.2481510704852e-4
1829	4.83524698806308e-4
1830	4.87002903792022e-4
1831	5.67010652762121e-4
1832	5.2523605573889e-4
1833	5.18836760851752e-4
1834	5.06396531591158e-4
1835	4.88270717037897e-4
1836	4.51757093270115e-4
1837	4.3606451649041e-4
1838	4.26009342077163e-4
1839	4.20772460284819e-4
1840	3.93016083355528e-4
1841	3.6483509438902e-4
1842	3.21560803787532e-4
1843	2.5475216516582e-4
1844	2.22276872900932e-4
1845	3.05274974728879e-4
1846	3.09210917513579e-4
1847	2.87612920840381e-4
1848	2.66770793822086e-4
1849	2.72528653504065e-4
1850	2.62069947083817e-4
1851	2.45832300951373e-4
1852	2.35024268316109e-4
1853	2.33461334647204e-4
1854	2.08192401283454e-4
1855	1.99338788592545e-4
1856	1.78285861272085e-4
1857	1.82917445053929e-4
1858	1.85712054774053e-4
1859	1.80116812468029e-4
1860	1.84076846715833e-4
1861	1.61590477340655e-4
1862	1.47957720656387e-4
1863	1.52604361602671e-4
1864	1.40037652160778e-4
1865	1.42642541608953e-4
1866	1.02692872915889e-4
1867	1.11742228744523e-4
1868	9.43632495475025e-5
1869	1.00907093213267e-4
1870	1.1246196120477e-4
1871	1.19053987796744e-4
1872	1.24227629498439e-4
1873	1.2094215621756e-4
1874	1.34623095828037e-4
1875	1.00359012427639e-4
1876	1.07673782912748e-4
1877	1.20318789609731e-4
1878	1.22291278151413e-4
1879	1.21122842190844e-4
1880	1.09405356823385e-4
1881	8.93973967150841e-5
1882	8.2766221495566e-5
1883	8.49464989065247e-5
1884	7.57285028361591e-5
1885	7.88242558450895e-5
1886	6.92719907241487e-5
1887	6.55679282718293e-5
1888	3.97479026895639e-5
1889	4.17234026641343e-5
1890	5.06101411168127e-5
